   0  0.10000000000000E+01   0   0   0
   1  0.33333333333333E+00   1   0   0
   2  0.33333333333333E+00   0   1   0
   3  0.33333333333333E+00   0   0   1
   4  0.20000000000000E+00   2   0   0
   5  0.11111111111111E+00   1   1   0
   6  0.11111111111111E+00   1   0   1
   7  0.20000000000000E+00   0   2   0
   8  0.11111111111111E+00   0   1   1
   9  0.20000000000000E+00   0   0   2
  10  0.14285714285714E+00   3   0   0
  11  0.66666666666666E-01   2   1   0
  12  0.66666666666666E-01   2   0   1
  13  0.66666666666666E-01   1   2   0
  14  0.37037037037037E-01   1   1   1
  15  0.66666666666666E-01   1   0   2
  16  0.14285714285714E+00   0   3   0
  17  0.66666666666666E-01   0   2   1
  18  0.66666666666666E-01   0   1   2
  19  0.14285714285714E+00   0   0   3
  20  0.11111111111111E+00   4   0   0
  21  0.47619047619047E-01   3   1   0
  22  0.47619047619047E-01   3   0   1
  23  0.40000000000000E-01   2   2   0
  24  0.22222222222222E-01   2   1   1
  25  0.40000000000000E-01   2   0   2
  26  0.47619047619047E-01   1   3   0
  27  0.22222222222222E-01   1   2   1
  28  0.22222222222222E-01   1   1   2
  29  0.47619047619047E-01   1   0   3
  30  0.11111111111111E+00   0   4   0
  31  0.47619047619047E-01   0   3   1
  32  0.40000000000000E-01   0   2   2
  33  0.47619047619047E-01   0   1   3
  34  0.11111111111111E+00   0   0   4
  35  0.90909090909090E-01   5   0   0
  36  0.37037037037037E-01   4   1   0
  37  0.37037037037037E-01   4   0   1
  38  0.28571428571428E-01   3   2   0
  39  0.15873015873016E-01   3   1   1
  40  0.28571428571428E-01   3   0   2
  41  0.28571428571428E-01   2   3   0
  42  0.13333333333333E-01   2   2   1
  43  0.13333333333333E-01   2   1   2
  44  0.28571428571428E-01   2   0   3
  45  0.37037037037037E-01   1   4   0
  46  0.15873015873016E-01   1   3   1
  47  0.13333333333333E-01   1   2   2
  48  0.15873015873016E-01   1   1   3
  49  0.37037037037037E-01   1   0   4
  50  0.90909090909090E-01   0   5   0
  51  0.37037037037037E-01   0   4   1
  52  0.28571428571428E-01   0   3   2
  53  0.28571428571428E-01   0   2   3
  54  0.37037037037037E-01   0   1   4
  55  0.90909090909090E-01   0   0   5
  56  0.76923076923076E-01   6   0   0
  57  0.30303030303030E-01   5   1   0
  58  0.30303030303030E-01   5   0   1
  59  0.22222222222222E-01   4   2   0
  60  0.12345679012346E-01   4   1   1
  61  0.22222222222222E-01   4   0   2
  62  0.20408163265306E-01   3   3   0
  63  0.95238095238095E-02   3   2   1
  64  0.95238095238095E-02   3   1   2
  65  0.20408163265306E-01   3   0   3
  66  0.22222222222222E-01   2   4   0
  67  0.95238095238095E-02   2   3   1
  68  0.79999999999999E-02   2   2   2
  69  0.95238095238095E-02   2   1   3
  70  0.22222222222222E-01   2   0   4
  71  0.30303030303030E-01   1   5   0
  72  0.12345679012346E-01   1   4   1
  73  0.95238095238095E-02   1   3   2
  74  0.95238095238095E-02   1   2   3
  75  0.12345679012346E-01   1   1   4
  76  0.30303030303030E-01   1   0   5
  77  0.76923076923076E-01   0   6   0
  78  0.30303030303030E-01   0   5   1
  79  0.22222222222222E-01   0   4   2
  80  0.20408163265306E-01   0   3   3
  81  0.22222222222222E-01   0   2   4
  82  0.30303030303030E-01   0   1   5
  83  0.76923076923076E-01   0   0   6
